000000000000000000000000000000000000000000000000000000000000000000000000000000000000000000000000000000000000000000000111000000000000000000000000000000000000000
000000000000000000000000000000000000000000000000000000000000000000000000000000000000000000000000000000000000000000101001000000000000000000000000000000000000000
000000000000000000000000000000000000000000000000000000000000000000000000000000000000000000000000000000100000000111011000100000000000000000000000000000000000000
000000000000000000000000000000000000000000000000000000000000000000000000000000000000000000000000000000110000000010010000100000000000000000000000000000000000000
000000000000000000000000000000000000000000000000000000000000000000000000000000000000000000000000000000011110000100011101000000000000000000000000000000000000000
000000000000000000000000000000000000000000000000000000000000000000000000000000000000000000000000000000010100001000010010000000000000000000000000000000000000000
000000000000000000000000000000000000000000000000000000000000000000000000000000000000000000000000000000010110001000010110000000000000000000000000000000000000000
000000000000000000000000000000000000000000000000000000000000000000000000000000000000000000000000000000000011111000001110000000000000000000000000000000000000000
000000000000000000000000000000000000000000000000000000000000000000000000000000000000000000000000000000000111111000000101000000000000000000000000000000000000000
000000000000000000000000000000000000000000000000000000000000000000000000000000000000000000000000000000111011110110000001000000000000000000000000000000000000000
000000000000000000000000000000000000000000000000000000000000000000000000000000000000000000000000000001000100111110000001100000000000000000000000000000000000000
000000000000000000000000000000000000000000000000000000000000000000000000000000000000000000000000000001000100010100000010110000000000000000000000000000000000000
000000000000000000000000000000000000000000000000000000000000000000000000000000000000000000000000000001001000011000000011100000000000000000000000000000000000000
000000000000000000000000000000000000000000000000000000000000000000000000000000000000000000000000000000111011110000000100000000000000000000000000000000000000000
000000000000000000000000000000000000000000000000000000000000000000000000000000000000000000000000000000001010001000000100000000000000000000000000000000000000000
000000000000000000000000000000000000000000000000000000000000000000000000000000000000000000000000000000001111110100011000000000000000000000000000000000000000000
000000000000000000000000000000000000000000000000000000000000000000000000000000000000000000000000000000001111111100100000000000000000000000000000000000000000000
000000000000000000000000000000000000000000000000000000000000000000000000000000000000000000000000000000001011110100100000000000000000000000000000000000000000000
000000000000000000000000000000000000000000000000000000000000000000000000000000000000000000000000000000000010111101100000000000000000000000000000000000000000000
000000000000000000000000000000000000000000000000000000000000000000000000000000000000000000000000000000000010001011100000000000000000000000000000000000000000000
000000000000000000000000000000000000000000000000000000000000000000000000000000000000000000000000000000000001110000011110000000000000000000000000000000000000000
000000000000000000000000000000000000000000000000000000000000000000000000000000000000000000000000000000000000001111010111000000000000000000000000000000000000000
000000000000000000000000000000000000000000000000000000000000000000000000000000000000000000000000000000000000000101011000000000000000000000000000000000000000000
000000000000000000000000000000000000000000000000000000000000000000000000000000000000000000000000000000000000000010011000000000000000000000000000000000000000000
000000000000000000000000000000000000000000000000000000000000000000000000000000000000000000000000000000000000000001011110000000000000000000000000000000000000000
000000000000000000000000000000000000000000000000000000000000000000000000000000000000000000000000000000000000000001110111100000000000000000000000000000000000000
000000000000000000000000000000000000000000000000000000000000000000000000000000000000000000000000000000000000000010100001010000000000000000000000000000000000000
000000000000000000000000000000000000000000000000000000000000000000000000000000000000000000000000000000000000000010000001010000000000000000000000000000000000000
000000000000000000000000000000000000000000000000000000000000000000000000000000000000000000000000000000000000000010000001100000000000000000000000000000000000000
000000000000000000000000000000000000000000000000000000000000000000000000000000000000000000000000000000000000000001000000000000000000000000000000000000000000000
000000000000000000000000000000000000000000000000000000000000000000000000000000000000000000000000000001111000000001000000000000000000000000000000000000000000000
000000000000000000000000000000000000000000000000000000000000000000000000000000000000000000000000000000010111100001000000000000000000000000000000000000000000000
000000000000000000000000000000000000000000000000000000000000000000000000000000000000000000000000000000010101110001000000000000000000000000000000000000000000000
000000000000000000000000000000000000000000000000000000000000000000000000000000000000000000000000000000010111010011000000000000000000000000000000000000000000000
000000000000000000000000000000000000000000000000000000000000000000000000000000000000000000000000000000001111110000100000000000000000000000000000000000000000000
000000000000000000000000000000000000000000000000000000000000000000000000000000000000000000000001111100001001111000100000000000000000000000000000000000000000000
000000000000000000000000000000000000000000000000000000000000000000000000000000000000000000000000100011111111001110100000000000000000000000000000000000000000000
000000000000000000000000000000000000000000000000000000000000000000000000000000000000000000000000100000111111111111110000000000000000000000000000000000000000000
000000000000000000000000000000000000000000000000000000000000000000000000000000000000000000000000100001001010011111000000000000000000000000000000000000000000000
000000000000000000000000000000000000000000000000000000000000000000000000000000000000000000000010100001001100000101000000000000000000000000000000000000000000000
000000000000000000000000000000000000000000000000000000000000000000000000000000000000000000000101100101000111111001000000000000000000000000000000000000000000000
000000000000000000000000000000000000000000000000000000000000000000000000000000000000000000000011000101000001000011110000000000000000000000000000000000000000000
000000000000000000000000000000000000000000000000000000000000000000000000000000000000000000000001000101011001000100000000000000000000000000000000000000000000000
000000000000000000000000000000000000000000000000000000000000000000000000000000000000000000000001001100111100000100000000000000000000000000000000000000000000000
000000000000000000000000000000000000000000000000000000000000000000000000000000000000000000000000111101000000000100000000000000000000000000000000000000000000000
000000000000000000000000000000000000000000000000000000000000000000000000000000000000000000000000001010010000000100000000000000000000000000000000000000000000000
000000000000000000000000000000000000000000000000000000000000000000000000000000000000001000000000000111110000001000000000000000000000000000000000000000000000000
000000000000000000000000000000000000000000000000000000000000000000000000000000000000001100000000000100010001110000000000000000000000000000000100000000000000000
000000000000000000000000000000000000000000000000000000000000000000000000000000000000001010000000001000010010000000000000000000000000000000001010000000000000000
000000000000000000000000000000000000000000000000000000000000000000000000000000000000001011110000001000010010000000000000000000000000000000001010000000000000000
000000000000000000000000000000000000000000000000000000000000000000000000000000000000101000001000101000100010000000000000000000000000000000001010000000000000000
000000000000000000000000000000000000000000000000000000000000000000000000000000000001010111001011101000100010000000000000000000000000000000001010000000000000000
000000000000000000000000000000000000000000000000000000000000000000000000000000000001010000100100100111111100000000000000000000000000000000001010000000000000000
000000000000000000000000000000000000000000000000000000000000000000000000000000000001010000101101111111101010000000000000000000000000000000001010000000000000000
000000000000000000000000000000000000000000000000000000000000000000000000000000000001001111110111111110101010000000000000000000000000000000001010000000000000000
000000000000000000000000000000000000000000000000000000000000000000000000000000000001000000011010000111111011110000000000000000000000000000001010000000000000000
000000000000000000000000000000000000000000000000000000000000000000000000000000111111111000011110001111001000100000000000000000000000000000010010000000000000000
000000000000000000000000000000000000000000000000000000000000000000000000000000001100000100100010000111111100100000000000000000000000000000000010000000000000000
000000000000000000000000000000000000000000000000000000000000000000000000000000001100000100100010000111000011100000000000000000000000000000000010000000000000000
000000000000000000000000000000000000000000000000000000000000000000000000000000000100000100100111111111000010100000000000000000000000000000000010000000000000000
000000000000000000000000000000000000000000000000000000000000000000000000000000000100000111111100010011000001111000000000000000000001111111111100000000000000000
000000000000000000000000000000000000000000000000000000000000000000000000000000000100001111011011111001111111111111111100000000000010000000000000000000000000000
000000000000000000000000000000000000000000000000000000000000000000001111100011110100000110001111111001000000010000000111110000000010000000000000000000000000000
000000000000000000000000000000000000000000000000000000000000000000111111110100001000000011111110111110111110010000000110001000000010000000000000000000000000000
000000000000000000000000000000000000000000000000000000000000000001010000010100001000000010011111001000000001010000000110001000000010000000000000000000000000000
000000000000000000000000000000000000000000000000000000000000111111100000010100001000000010001111001000000001000000111010001000000010000000000000000000000000000
000000000000000000000000000000000000000000000000000000000000000001000000010100001000000011111111110000000001000001000010001000000010000000000000000000000000000
000000000000000000000000000000000000000000000000000000000000000001000000010100001000000010001001100000000001000001000010001000000010000000000000000000000000000
000000000000000000000000000000000000000000000000000000000000011110000000011011111000000000001000111111100001000001000010001000000010000000000000000000000000000
000000000000000000000000000000000000000000000000000000000000000000000000110100001000000000000111111000010001000001000010001111111100000000000000000000000000000
000000000000000000000000000000000000000000000000000000000000000000000000101111110000000000111111011000010011111100111111111110000000000000000000000000000000000
000000000000000000000000000000000000000000000000000000000000000000000000100100000000000000100000011000010100000000000011001000000000000000000000000000000000000
000000000000000000000000000000000000000000000000000000000000000000000000100100000000111111000000011010010100000000000011001000000000000000000000000000000000000
000000000000000000000000000000000000000000000000000000000000000000000000100100000001000000011111111011111110000000000001000000000000000000000000000000000000000
000000000000000000000000000000000000000000000000000000000000000000000000100100000011111100000000110110010101000000000001000000000000000000000000000000000000000
000000000000000000000000000000000000000000000000000000000000000000000011000111111100000000000000100110111111000000000001000011111111111111111100000000000000000
000000000000000000000000000000000000000000000000000000000000000000000100000010000100000000000000100101010100000000000001000100000000000000000010000000000000000
000000000000000000000000000000000000000000000000000000000000000000000100000011000100000000000000100100100100000000000001000100000000000000000010000000000000000
000000000000000000000000000000000000000000000000000000000000000000000100000011000100000000000000100100000100000000000001000100000000000000000010000000000000000
000000000000000000000000000000000000000000000000000000000000000000000100000111000100000000000000100100000100000000000001000100000000000000000010000000000000000
000000000000000000000000000000000000000000000000000000000000001111101110011111111000000000010000011100000011110000000001000100000000000000000010000000000000000
000000000000000000000000000000000000000000000000000000000000010000010011111101111000000000011100000011111110000000000001000100011111111111111010000000000000000
000000000000000000000000000000000000000000000000000000000000010000010001100101001000000000011110000000000010000000000001000100000001000000000110000000000000000
000000000000000000000000000000000000000000000000000000000000010000010001111010001000000000110011111000000010000000000001000100000001000000000110000000000000000
000000000000000000000000000000000000000000000000000000000000010000010001100000001000000000110010000100000010000000000001000100000001000000000110000000000000000
000000000000000000000000000000000000000000000000000000000000010000011111111111001000000000111111111111111110000000000001000100000001000000000110000000000000000
000000000000000000000000000000000000000000000000000000000000010000010000100000101000000000100001001100101111111111001111111000000001000000000110000000000000000
000000000000000000000000000000000000000000000000000000000000001111111111100000101000000001100001001100101100000000010001000000000001000000000110000000000000000
000000000000000000000000000000000000000000000000000000000000000000011111110001110000000001100001001111111110000000010001000000000001000000000110000000000000000
000000000000000000000000000000000000000000000000000000000000000000010000010000101000001110100001011111111100000000111110000000000001000000000110000000000000000
000000000000000000000000000000000000000000000000000000000000000000010000010000101000010010100001111111100100000001010000000000000000111111111100000000000000000
000000000000000000000000000000000000000000000000000000000000000000010000010000010000011111111111111100100100000001010000000000000000000000000100000000000000000
000000000000000000000000000000000000000000000000000000000000000000010000010000000000010010010001011111000100000001010000000000000000000000000100000000000000000
000000000000000000000000000000000000000000000000000000000000000000010000000000000000011010010001001100000100000001010000000000000000000000000100000000000000000
000000000000000000000000000000000000000000000000000000000000000000001111100001111111111010010001001100000100000001010111111110000000000000000011000000000000000
000000000000000000000000000000000000000000000000000000000000000000000000010011000101111111110001001100000100000001011000001000000000000000000000100000000000000
000000000000000000000000000000000000000000000000000000000000000000000000010011000100001111111101001100000100000011010111111111100000000000000000100000000000000
000000000000000000000000000000000000000000000000000000000000000000000000010011000100000111111111111000000100000011010001001000000000000000000000100000000000000
000000000000000000000000000000000000000000000000000000000000000000000000010011000100000001100001010000000100000111111111001000000000000000000000100000000000000
000000000000000000000000000000011000000000000000000000000000000000000000010010111110000001100001010000000100001011010101001000000000000000000000100000000000000
000000000000000000000000000000100100000000000000000000000000000000000000010010000111111111100001010000000101111111111111110000000000000000000000100000000000000
000000000000000000000000000000100100000000000000000000000000000000000000010010111101000001100001111100000110001010000101000000000000000000000000100000000000000
000000000000000000000000000010100100000000000000000000000000000000000000001111111101000001100000111111111111111010000101000000000000000000000000100000000000000
000000000000000000000000000110100100000000000000000000000000000000000000000011100100111111100000010111111111111110000101000000000000000000000000100000000000000
000000000000000000000000000110100100000000000000000000000000000000000000000010100100000000100000010000010110001010000111111111111111000000000000100000000000000
000000000000000000000011111111111000000000000000000000000000000000000000000010000010000000100000000000010101111111111111111111110000100000000000100000000000000
000000000000000000000000000110100000000000000000000000000000000000000000000010000010000000100000000000010111111111111111111000001000100000000000100000000000000
000000000000000000011111111111100000000000000000000000000000000000000000100010000010000000100000000000010100001011111111110000001000100000000000100000000000000
000000000000000000100000000110100000000000000000000000000000000000000000100010000010000000100000011111111100001010000101001000001000100000000000100000000000000
000000000000000000100000000110100000000000000000000000000000000000000000111111111010000001111100010000010100001010000101000111111110011111111111111111000000000
000000000000000000101111111111100000000000000000000000000000000000000000100000000110000010000010010010110100001111111111000011111000000000000000000000000000000
001111100000000000100000000110100000000000000000000000100000000000000000100000001111000010000010010011010100001000000101000100001000000000000000000000000000000
010000010000000000100111111100100000000000000000000000100000000001111111100000010110100010000010010011010100001000000101000100001000000000000000000000000000000
001111111100000000111111111000100000000000000000000000100000000111111111010000010101100010000001111111111100111111111110000100001000000000000000000000000000000
000000010010000000101000100000100000000000000000000000100000000010000001010000010100100010000000000111010100001000000011111000001000000000001000000000000000000
000000010010000000101000100000100000000000000000000000110000001111111111010000010100101100000000000111010100000000000000000000001000000000001000000000000000000
000000010010000000100111001111100000000000000000000000111111110010000001010000011000110000000000000111111100000000000000000000001000000000001000000000000000000
000000010010100111000000000000100000000000000000000000001000010011111110010000110000011111111111111111011111100000000000000000001000000000001000000000000000000
000000010010101111111100000000100000000000000000000000001000000110000000001111110000001111111111000011010100010000000011111111111111111110001000000000000000000
000000001111111111000010000000100000000000000000000000001000001010000000000010000000000100000001000011111110010000000100000000000000000000001000000000000000000
000000000000100001000010000000100000111111100000000000000111111100000000000010000000000100000000000011000101010000000100000000000000000000001000000000000000000
000000000000100001000010000000100001100000000000000000000000010000000000000010000000000100000000000011111001010000000100000000000000001111111000000000000000000
000000000000100001000010000000011110100000000000000000000000010000000000000010000000000100000000000011000001010000000100000000000000010000001000000000000000000
000000000000100001000010000000000000100000000000000000000000010000000000000010000000000100000000000011000001010000000101111111111111100000001000000000000000000
000000000000100001000010000000000000100000000000000000000000010000000000000010000000000100000000000011000001010000000110000000000000000000001000000000000000000
000000000000100001000010000000000000100000000000000000000000010000000000000001111100000011111111100011000001010000000110000000000000000000001000000000000000000
000000000000100001000010000000000000100000000000000000000000010000000000000000000010000001000000000011000001010000011111110000000000000000001000000000000000000
000000000111111001000010000000000000011000000000000000000000010000000000000000000010000001000000000001000001111111100110001000000000000000001000000000000000000
000001111000011111111100000000000000000100000000000000000000010000000000000000000010000001000000000000000001001111111100001000000000000000001000000000000000000
010010001000000101000000000000000000000100000000000000000000100000000000000000000010000001000000000000000001000000100100001000000000000000001000000000000000000
010010001000000101000000000000000000000100000000001111111111000000000000000000000010011101000000000000000001000000100100001000000000000000001000000000000000000
010010001011111110000000000000000000000100000000010000000000000000000000000000000010100011000000000000000001000000100100001000000000000000000111110000000000000
010010001100000100000000000000000000000100000000010000000000000000000000000000000010100011000000000000000001000000100100001000000000000000000000001000000000000
011111111100000100000000000000000000011100000000010000000000000000000000000000000001111111100000000000000001000000100100001000000000000000000000001000000000000
010000001100000100000000000000000000100100000000010000000000000000000000000000000000100011000000000000000001111111111000001000000000000000000000001000000000000
010000001100000100000000000000000000100000000000010000000000000000000000000000000000101111111000000000000001000000100000001000000000000000000000001000000000000
001111111111111000000000000000000000100000000000011111100000000000000000000000000000100010000000000000000000111111111111111100000000000000000000001000000000000
000100011000000000000000000000000000100000000000100000000000000000000000000000000111111110111111110000000000000100100000001111110000000000000000001000000000000
000100010000000000000000000000000000100000000000100000000000000000000000000000001000101111000100001000000000000100100000001010001000000000000000001000000000000
000100010000000000000000000000000000100000000000100000000000000000000000000000001000110011000100001000000000000100000000001010001000000000000000001000000000000
000100010000000000000000000000000000100000000000100000111000000000000000000000001000110011000100001000000000000100000000001010001000000000000000001000000000000
000100010000000000000000000000000000100000000000100001000100000000000000000000001000110011000100001000000000000100000000001010001000000000000000001000000000000
000100011111111110000000000000000000100000000000100001000100000000000000000001111111111011000100001000000000001111111111101010001000000000000000001000000000000
000100011000000001000000000000000000100000000000100001000100000000000000000010000111111111111111110000000000010111111111111010001000000000000000001000000000000
001100011000000001000000111100000000100000000000100001000100000000000000000010000000111101000100001000000000010100010000011111110000000000000000001000000000000
001011111000000001000001100001111111000000000000010001000100000000000000000010000000110101000100001111111111111111100001111110000000000000000000001000000000000
001000011000000001000001100010000000000000000000001001000100000000000000000010000000111111111100011000000000010110000010010110000000000000000000001000000000000
001000001111111110000001100010000000000000000000001001000100000000000000000010000000110101000100011000000000010110000010010110000000000000000000001000000000000
001000001000000000100111111111000000000000000000001111000100000000000000000010000000101111111000011000000000010011111100010110000000000000000000001000000000000
001111111100000000100001110011100000000000000000111111111111111111111000000010000000101100000000011000000000010010000000010110000000000000000000001000000000000
011111000000000000100001110011100000000000001111111110000000000001000100000010000000101100000000011000000000010010000000010110000000000111111111110000000000000
001000101111111111100001110011100000000000010000000000000000000001000100011111111111111110000000011000000000010010000000011111111000001000000000000000000000000
000000100000000101100001111111000000000001110000000000000000000001000100000010000000101100000000011000000000010010000000001111111111111110000000000000000000000
000000111111111111100001110011000000000010010000000000000000000001000100000010000000101100000000011000000000010010000000000100000000001000000000000000000000000
000000011111111001111111111111100000000010000000000000000000000001010100000010000111111100000000001111111111110010000000000100000000001001000000000000000000000
000000001000000001100000110001111111100010000000000000000111111111111110001111111111111000000000001001000000001111111111111111100000001001000000000000000000000
000000001000000000111111111110010001111110000000000000000000100001011101000010001000101000000000001001000000000010000000111111111111111111000000000100000000000
000000001000000000000000101000010000000010000000000000000000100001011101000011001000101000000000000111111111111100000000100100000000001001100000000100000000000
000000001000000000000000100100010000000000000000000000000000100001111111111111111100101000000000000001000000000000000000100000000000001001100000011111111110000
000000001000000000000000111111111110000000000000000000000000101111111111111111001010101000000000000001000000000000000000100000000000001001111111111100000001000
000000001000001111111111100000010000000000000000000000000000110011011100000011001010101000000000000001000000000000000000100000000000001001100000100100000001000
000000001100011000100001100000010000000000000000000000000000110011011100011111111111111000000000000001000000000000000000100000000000001001100000100100000001000
000000001100011000100000100000001110000000000000000000000000110011111111111111111111111100000000000001000000000000000000100000000000001001100010100100000001000
000000001100011000100000000000000001000000000000111111111111110011001111111111111110001100010000000011000000000000000000100000000000001001100010100100000001000
000000000100011000100000000000000001000000000000000000000000010011001100001111111010000111111111111111000000000000000000100000000000001001100010100100000001000
000000000100010111111111110000000001000000000000011111111111111111101100001111111111111111110000000011000000000001000000100111111111110001100010100100000001000
000000000100011000100000001000000001000000000000100000000000011011011011110001011110001000010000000011000000000001000000101000000000000001100010100100000001000
000000000100011110101111111100000111111111000000100000000000011011011000010001111111111111111111111111000000000001000000101000000000000001010011111111111111110
000000000100111111001100111000001000000000000000100000011111111111011000010001011110001000010000000011111111111111111110101000000000011111110010100100100001000
000000000101011111111111011000001000000000000000100000000000001001011000010001011110001000010000000011100000100001000000101000000000100001010010100100100001000
000000011110011011001100011011111111100000000000100000001111111111110000010001011110001000010000000011111100100001111111111111111111111111111100100100100001000
000000101111111110001100011100000000100000000000100000000000001001011000010001011110001000010000000011100010100001000000100000000000101111111111111100100001000
011111111001010111111111111000000001010000000000100000000000001001010111111110011110001000010000000011100110100001000000100000000000100000000000000010011110000
000000010001111111111100111111111111001111111100100000000000001001010000010000011110000000001111000011100110100001000000100000000000100000000000000010000000000
000000010001010010001011101000000001000000000010100000000000001001010000010000011110000000000000100011100110100001000000100000000000100000000000000010000000000
000000010001010001111111111000000001000000000010100000000000001000111111111100011011111111111111111111110110100001000000101000000000100000001000000010000000000
000000010001010000001000101000000001000000000010100000000000001000010000010010011000000000000000100011001110100001000000101000000000100000001000000010000000000
000000010001111111111000101000000001000000000011111111111100000111111111110010011000000000000000100011001110100001000000101000000000100000001000000010000000000
000000010011010001111111111000000001000000000111111111111010000000001111111111110000000000000000100010001110011111111111001000000000100000001000000010000000000
000000010011010000001111111110000001000000000000011111111111100000000000011001100000000000000000101111111111111111000000001000000000100000001000000010000000000
000000010011111111111100100000000010000000000000000100000011111111111000011000000000000000000000100000001110000001000000001010000000100000001000000010000000000
000000000011000000001000100000000000000000000000000100000110000000000100011000000000000000000000100000000111111111111111001010000000100001111111111100000000000
000000000011000000001100100000000000000000000000000100000110000000000100001000000000000000000000011100000110000001000000001010000000100000001000000000000000000
000000000011000000001100100000000001111000000000000100000110000000000100001000000000000000000000000010000110000001000000001010000000100000001000000000000000000
000000000001111111101100100000000010000100000111111000000110000000000100001000000000000000000000000010000110000001011111111010000000100000001000000000000000000
000000000001000000011100100000000010000100000010000000000110010000000100001000000000000000000000000001111111111111111111111111111111111111110000000000000000000
000000011111110000010111111110000010000100000010000000000111111000000100001000000000000000000000000000000000000011111111111111000000010000000000000000000000000
000000000000001000010100000000000010000101111100000000100110010100000100001000000000000000000000000000000000000001100010001010100000010000000000000000000000000
000000000000000100010100000000000011000100100010000000111110010011111111110000000000000000000000000000000000000001100010001010100000010000000000000000000000000
000000000000000100010100000011111111111001111111111111111110010000000100000000000000000000000000000000000000000001100001111111111110010000000000000000000000000
000000000000000011100100000000001011000010100010100000111101111111100100000000000000000000000000000000000000000001100000000111111111111111000000000000000000000
000000000000000000000100000000001011000010100010100111111111110010000100000000000000000000000000000000000000000000011111111110100000110000000000000000000000000
000000000000000000000000000000001011000010100111111111111111110010000100000000000000000000000000000000000000000000000000000110100000110000000000000000000000000
000000000000000000000000000000001011000010100000100001101111110011000100000000000000000000000000000000000000000000000000000111111111111110000000000000000000000
000000000000000000000000000000001011000010100000100001111000010011111111110000000000000000000000000000000000000000001111111111111111000001000000000000000000000
000000000000000000000000000000001011000010100000100011110000010011000000000000000000000000000000000000000000000000010001000110000010000001000001111111111111110
000000000000000000000000000000001011000010100000100011111111110011000000000000000000000000000000000000000000000000010001000110000010000000111111111000000010000
000000000000000000000000000000001011111111110000100111111111111111000000000000000000000000000000000000000000000000010001000111111111111110000000000000000010000
000000000000000000000000000000101001000010011111111111111111111101000000000000000000000000000000000000000000000000010001000000000010000001000000000000000010000
000000000000000000000000000001010001000011110000100011110001010001000000000000000000000000000000000000000000000000001111111111111110000001000000000000000010000
000000000000000000000000000001110001000110001111111111111111010001000000000000000000000000000000000000000000000000000001100000000010000001000000000000000010000
000000000000000000000000000001110001001111111111111111100001010001000000000000000000000000000000000000000000000000000001100000000010000001000000000000000010000
000000000000000000000000000001110001001110010000100000111111100001000011110000000000000000000000000000000000111111111111100000000011000001000000000000000010000
000000000000000000000000000001110001001010010000100000100001000001000100001000000000000000000000000000000000000000000000110000000011000001000000000000000010000
000000000000000000000000000001011111111111111111111100100000111110000100001000000000000000000000000000000000000000000000110000000011000001000000000000000010000
000000000000000000000000000001010001011111111111000000100000000000000100001000000000000000000000000000000000000000000000110000000011000000000000000000000010000
000000000000000000000000000001010001101111111111000000100000000000000100000100000000000000000000000000000000000000000000110000000011000000000000000000000010000
000000000000000000000000000001010001111111011011111111110000000000000100000010000000000000000000000000000000000011111111100000000011000000000000000000000010000
000000000000000000000000111111111111111111011011000001100000000000000100000010000000000000000000000000000000000100011111000000000001111111111000000000000010000
000000000000000000000000000000000000111111111111111111100000000000000100000010000000000000000000000000000000000100010000000000000001000000000100000000000010000
000000000000000000000000000000111111111111111101100001100000000000000100000010000000000000000000000000000000000100010000000000000001000000000011111111111100000
000000000000000000000000000001000001101111010001100001100000000000000011111111111100000000000000000000000000000100010000000000000001000000000000000000000000000
000000000000000000000011111111000001101111100001100001100000000000000100000010000000000000000000000000000000000100010000000000000001000000000000000000000000000
000000000000000000000100010001000001111111111111000001100000000000000100000010000000000000000000000000000011111000010000000000000001000000000000000000000000000
000000000000000000000100010001000001100101111111111000111111100000000100000010000000000000000000000000000100000000010000000000000001000000000000000000000000000
000000000000000000000100010001000001100100100001000000100000010000000100000010000000000000000000000000000100000000101111111111111110000000000000000000000000000
000000000000000000000100010001000001111000111111111111000000010000000100000010000000000000000000000111111111111111100000000000000000000000000000000000000000000
000000000000000000000100001111111101111111111111111111111110010000000100000010000000000000000000001000000100000000100000000000000000000000000000000000000000000
000000000000000000000100000011000001100001000000010000000001010000000100000010000000000000000000001000000100000000100000000000000000000000000000000000000000000
000000000000000000000011000101000001100000111111110000000001010000000100000001111110000000000000001000000100000000100000000000000000000000000000000000000000000
000000000000000000000000100101000001100111111111111111000001010000000100000000000001000000000000001000111111111111000000000000000000000000000000000000000000000
000000000000000000000000100101000001101000000100010111111111110000000100000000000001000000000000001000000000000000000000000000000000000000000000000000000000000
000000000000000000000000011111111111111101111111111000100000001000000100000000000001000000000000001000000000000000000000000000000000000000000000000000000000000
000000000000000000000000000001000000001000000100010000100000001000000100000000000001000000000000001000000000000000000000000000000000000000000000000000000000000
000000000000000000000000000001000000001000000100010000100000001000000100000000000001000000000000001000000000000000000000000000000000000000000000000000000000000
000000000000000000000000000001000000001000000100010000100000001001000100000000000001000000000000001000000000000000000000000000000000000000000000000000000000000
000000000000000000000000000001000000001000000100010000100000111111111000000000000001111111111111111000000000000000000000000000000000000000000000000000000000000
000000000000000000000000000001000000001000000100010000100001001010100000000000000001000000000000001000000000000000000000000000000000000000000000000000000000000
000000000000000000000000000001000000001000111111111111000001001111100000000000000001000000000000001000000000000000000000000000000000000000000000000000000000000
000000000000000000000000000000110000001111111110000000000001000010100000000000000000000000000000000000000000000000000000000000000000000000000000000000000000000
000000000000000000000000000000001000001001000101000000000001000010100000000000000000000000000000000000000000000000000000000000000000000000000000000000000000000
000000000000000000000000000000001000001001111101000000000001001110100000000000000000000000000000000000000000000000000000000000000000000000000000000000000000000
000000000000000000000000000000001111111111000111000000000001000001100000000000000000000000000000000000000000000000000000000000000000000000000000000000000000000
000000000000000000000000000000001000000001000111000000000001000001100000000000000000000000000000000000000000000000000000000000000000000000000000000000000000000
000000000000000000000000000000000000000001000011111111111110000001111111111111000000000000000000000000000000000000000000000000000000000000000000000000000000000
000000000000000000000000000000000000000001000011000000000000000001100000000000000000000000000000000000000000000000000000000000000000000000000000000000000000000
000000000000000000000000000000000000000000111101000000000000000001100000000000000000000000000000000000000000000000000000000000000000000000000000000000000000000
000000000000000000000000000000000000000000000101000000000000000001100000000000000000000000000000000000000000000000000000000000000000000000000000000000000000000
000000000000000000000000000000000000000000000101000000000000000001100000000000000000000000000000000000000000000000000000000000000000000000000000000000000000000
000000000000000000000000000000000000000000000101000000000000000001100000000000000000000000000000000000000000000000000000000000000000000000000000000000000000000
000000000000000000000000000000000000000000000110000000000000000001100000000000000000000000000000000000000000000000000000000000000000000000000000000000000000000
000000000000000000000000000000000111100000000100000000000000000001100000000000000000000000000000000000000000000000000000000000000000000000000000000000000000000
000000000000000000000000000000000011110000000100000000000000000001000000000000000000000000000000000000000000000000000000000000000000000000000000000000000000000
000000000000000000000000111111111110010000000100000000000000000001000000000000000000000000000000000000000000000000000000000000000000000000000000000000000000000
000000000000000000000000000000010001010000000100000000011111111111000000000000000000000000000000000000000000000000000000000000000000000000000000000000000000000
000000000000000000000000000000010001010000000100000000100000000000000000000000000000000000000000000000000000000000000000000000000000000000000000000000000000000
000000000000000000000000000001010001010000000100000000100000000000000000000000000000000000000000000000000000000000000000000000000000000000000000000000000000000
000000000000000000000000000001010001010000001100000000100000000000000000000000000000000000000000000000000000000000000000000000000000000000000000000000000000000
000000000000000000000000000001010001010001111100000000100000000000000000000000000000000000000000000000000000000000000000000000000000000000000000000000000000000
000000000000000000000000000001010001010010001100000000100000000000000000000000000000000000000000000000000000000000000000000000000000000000000000000000000000000
000000000000000000000000000001010001010010001100000000100000000000000000000000000000000000000000000000000000000000000000000000000000000000000000000000000000000
000000000000000000000000000001111111111111111111111111100000000000000000000000000000000000000000000000000000000000000000000000000000000000000000000000000000000
000000000000000000000000000001010001010010001100000000110000000000000000000000000000000000000000000000000000000000000000000000000000000000000000000000000000000
000000000000000000000000000001111110010010001100000000110000000000000000000000000000000000000000000000000000000000000000000000000000000000000000000000000000000
000000000000000000000000000001010000010010000100000001111111111110000000000000000000000000000000000000000000000000000000000000000000000000000000000000000000000
000000000000000000000000000000001111111111111000000000011000000000000000000000000000000000000000000000000000000000000000000000000000000000000000000000000000000
000000000000000000000000000000000000010010000000000111111111111100000000000000000000000000000000000000000000000000000000000000000000000000000000000000000000000
000000000000000000000000000000000000001100000000001000011000000010000000000000000000000000000000000000000000000000000000000000000000000000000000000000000000000
000000000000000000000000000000000000000000000000000111110000000010000000000000000000000000000000000000000000000000000000000000000000000000000000000000000000000
000000000000000000000000000000000000000000000000001000000000000010000000000000000000000000000000000000000000000000000000000000000000000000000000000000000000000
000000000000000000000000000000000000000000000000001000000000000010000000000000000000000000000000000000000000000000000000000000000000000000000000000000000000000
000000000000000000000000000000000000000000000000001000000011111111111000000000000000000000000000000000000000000000000000000000000000000000000000000000000000000
000000000000000000000000000000000000000000000000001000000100000000000000000000000000000000000000000000000000000000000000000000000000000000000000000000000000000
000000000000000000000000000000000000000000000000001000000100000000000000000000000000000000000000000000000000000000000000000000000000000000000000000000000000000
000000000000000000000000000000000000000000000000001000000100000000000000000000000000000000000000000000000000000000000000000000000000000000000000000000000000000
000000000000000000000000000000000000000000000000001000000100000000000000000000000000000000000000000000000000000000000000000000000000000000000000000000000000000
000000000000000000000000000000000000000000000000001000000100000000000000000000000000000000000000000000000000000000000000000000000000000000000000000000000000000
000000000000000000000000000000000000000000000000001000000100000000000000000000000000000000000000000000000000000000000000000000000000000000000000000000000000000
000000000000000000000000000000000000000000000000001000000100000000000000000000000000000000000000000000000000000000000000000000000000000000000000000000000000000
000000000000000000000000000000000000000000000000001000000100000000000000000000000000000000000000000000000000000000000000000000000000000000000000000000000000000
000000000000000000000000000000000000000000000000001000000100000000000000000000000000000000000000000000000000000000000000000000000000000000000000000000000000000
000000000000000000000000000000000000000000000000001000000100000000000000000000000000000000000000000000000000000000000000000000000000000000000000000000000000000
000000000000000000000000000000000000000000000000000100000100000000000000000000000000000000000000000000000000000000000000000000000000000000000000000000000000000
000000000000000000000000000000000000000000000000000100000100000000000000000000000000000000000000000000000000000000000000000000000000000000000000000000000000000
000000000000000000000000000000000000000000000000000100000100000000000000000000000000000000000000000000000000000000000000000000000000000000000000000000000000000
000000000000000000000000000000000000000000000000000100000100000000000000000000000000000000000000000000000000000000000000000000000000000000000000000000000000000
000000000000000000000000000000000000000000000000000100000100000000000000000000000000000000000000000000000000000000000000000000000000000000000000000000000000000
000000000000000000000000000000000000000000000000000100000100000000000000000000000000000000000000000000000000000000000000000000000000000000000000000000000000000
000000000000000000000000000000000000000000000000000100000100000000000000000000000000000000000000000000000000000000000000000000000000000000000000000000000000000
000000000000000000000000000000000000000000000000000100000100000000000000000000000000000000000000000000000000000000000000000000000000000000000000000000000000000
000000000000000000000000000000000000000000000000000011111000000000000000000000000000000000000000000000000000000000000000000000000000000000000000000000000000000
