000000000000000000000000000000000000000000000000000000000000000000000000000000000000000000000000000000000000000000000000000000000000000000000000000000000000000
000000000000000000000000000000000000000000000000000000000000000000000000000000000000000000000000000000000000000000000000000000000000000000000000000000000000000
000000000000000000000000000000000000000000000000000000000000000000000000000000000000000000000000000000000000000000000000000000000000000000000000000000000000000
000000000000000000000000000000000000000000000000000000000000000000000000000000000000000000000000000000000000000000000000000000000000000000000000000000000000000
000000000000000000000000000000000000000000000000000000000000000000000000000000000000000000000000000000000000000000000000000000000000000000000000000000000000000
000000000000000000000000000000000000000000000000000000000000000000000000000000000000000000000000000000000000000000000000000000000000000000000000000000000000000
000000000000000000000000000000000000000000000000000000000000000000000000000000000000000000000000000000010000000001111000000000000000000000000000000000000000000
000000000000000000000000000000000000000000000000000000000000000000000000000000000000000000000000000000001000000010000100000000000000000000000000000000000000000
000000000000000000000000000000000000000000000000000000000000000000000000000000000000000000000000000000000100000100000100000000000000000000000000000000000000000
000000000000000000000000000000000000000000000000000000000000000000000000000000000000000000000000000000000010001000001000000000000000000000000000000000000000000
000000000000000000000000000000000000000000000000000000000000000000000000000000000000000000000000000000000001010000010000000000000000000000000000000000000000000
000000000000000000000000000000000000000000000000000000000000000000000000000000000000000000000000000000000001100000100000000000000000000000000000000000000000000
000000000000000000000000000000000000000000000000000000000000000000000000000000000000000000000000000000000001000001000000000000000000000000000000000000000000000
000000000000000000000000000000000000000000000000000000000000000000000000000000000000000000000000000000000000100010000000000000000000000000000000000000000000000
000000000000000000000000000000000000000000000000000000000000000000000000000000000000000000000000000000000000010100000000000000000000000000000000000000000000000
000000000000000000000000000000000000000000000000000000000000000000000000000000000000000000000000000000000000001000000000000000000000000000000000000000000000000
000000000000000000000000000000000000000000000000000000000000000000000000000000000000000000000000000000000000000100000000000000000000000000000000000000000000000
000000000000000000000000000000000000000000000000000000000000000000000000000000000000000000000000000000000000000010000000000000000000000000000000000000000000000
000000000000000000000000000000000000000000000000000000000000000000000000000000000000000000000000000000000000000001000000000000000000000000000000000000000000000
000000000000000000000000000000000000000000000000000000000000000000000000000000000000000000000000000000000000000000100000000000000000000000000000000000000000000
000000000000000000000000000000000000000000000000000000000000000000000000000000000000000000000000000000000000000000010000000000000000000000000000000000000000000
000000000000000000000000000000000000000000000000000000000000000000000000000000000000000000000000000000000000000000001000000000000000000000000000000000000000000
000000000000000000000000000000000000000000000000000000000000000000000000000000000000000000000000000000000000000000001000000000000000000000000000000000000000000
000000000000000000000000000000000000000000000000000000000000000000000000000000000000000000000000000000000000000000010000000000000000000000000000000000000000000
000000000000000000000000000000000000000000000000000000000000000000000000000000000000000000000000000000000000000000100000000000000000000000000000000000000000000
000000000000000000000000000000000000000000000000000000000000000000000000000000000000000000000000000000000000000001000000000000000000000000000000000000000000000
000000000000000000000000000000000000000000000000000000000000000000000000000000000000000000000000000000000000000001000000000000000000000000000000000000000000000
000000000000000000000000000000000000000000000000000000000000000000000000000000000000000000000000000000000000000000100000000000000000000000000000000000000000000
000000000000000000000000000000000000000000000000000000000000000000000000000000000000000000000000000000000000000000100000000000000000000000000000000000000000000
000000000000000000000000000000000000000000000000000000000000000000000000000000000000000000000000000000000000000000010000000000000000000000000000000000000000000
000000000000000000000000000000000000000000000000000000000000000000000000000000000000000000000000000000000000000000100000000000000000000000000000000000000000000
000000000000000000000000000000000000000000000000000000000000000000000000000000000000000000000000000000000000000001000000000000000000000000000000000000000000000
000000000000000000000000000000000000000000000000000000000000000000000000000000000000000000000000000000000000000001000000000000000000000000000000000000000000000
000000000000000000000000000000000000000000000000000000000000000000000000000000000000000000000000000000000000000010000000000000000000000000000000000000000000000
000000000000000000000000000000000000000000000000000000000000000000000000000000000000000000000000000000000001000100000000000000000000000000000000000000000000000
000000000000000000000000000000000000000000000000000000000000000000000000000000000000000000000000000000000000101000000000000000000000000000000000000000000000000
000000000000000000000000000000000000000000000000000000000000000000000000000000000000000000000000000000000000010000000000000000000000000000000000000000000000000
000000000000000000000000000000000000000000000000000000000000000000000000000000000000000000000000000000000000001000000000000000000000000000000000000000000000000
000000000000000000000000000000000000000000000000000000000000000000000000000000000000000000000000000000000000001000000000000000000000000000000000000000000000000
000000000000000000000000000000000000000000000000000000000000000000000000000000000000000000000000000100000000010000000000000000000000000000000000000000000000000
000000000000000000000000000000000000000000000000000000000000000000000000000000000000000000000000001100000000100000000000000000000000000000000000000000000000000
000000000000000000000000000000000000000000000000000000000000000000000000000000000000000000000000011000000001000000000000000000000000000000000000000000000000000
000000000000000000000000000000000000000000000000000000000000000000000000000000000000000000000000101000000010000000000000000000000000000000000000000000000000000
000000000000000000000000000000000000000000000000000000000000000000000000000000000000000000000001001000000010000000000000000000000000000000000000000000000000000
000000000000000000000000000000000000000000000000000000000000000000000000000000000000000000000000100100000100000000000000000000000000000000000000000000000000000
000000000000000000000000000000000000000000000000000000000000000000000000000000000000000000000000100010001000000000000000000000000000000000000000000000000000000
000000000000000000000000000000000000000000000000000000000000000000000000000000000000000000000000010001000100000000000000000000000000000000000000000000000000000
000000000000000000000000000000000000000000000000000000000000000000000000000000000000000000000000001001000010000000000000000000000000000000000000000000000000000
000000000000000000000000000000000000000000000000000000000000000000000000000000000000000000001000000110000001000000000000000000000000000000000000000000000000000
000000000000000000000000000000000000000000000000000000000000000000000000000000000000000000001100000110000000100000000000000000000000000000000000000000000000000
000000000000000000000000000000000000000000000000000000000000000000000000000000000000000000010010000010000000100000000000000000000000000000000000000000000000000
000000000000000000000000000000000000000000000000000000000000000000000000000000000000000000100001000101000001000000000000000000000000000000000000000000000000000
000000000000000000000000000000000000000000000000000000000000000000000000000000000000000000100000101000100000100000000000000000000000000000000000000000000000000
000000000000000000000000000000000000000000000000000000000000000000000000000000000000000001000000010000010000010000000000000000000000000000000000000000000000000
000000000000000000000000000000000000000000000000000000000000000000000000000000000000000011000000000000100000010000000000000000000000000000010000000000000000000
000000000000000000000000000000000000000000000000000000000000000000000000000000000000000110100000000000010000010000000000000000000000000000100000000000000000000
000000000000000000000000000000000000000000000000000000000000000000000000000000000000001001010000000000001000010000000000000000000000000001000000000000000000000
000000000000000000000000000000000000000000000000000000000000000000000000000000000000010000101000000000000100100000000000000000000000000010000000000000000000000
000000000000000000000000000000000000000000000000000000000000000000000000000000000000001000010100000000000011000000000000000000000000000100000000000000000000000
000000000000000000000000000000000000000000000000000000000000000000000000000000000000000100001010000000000000000000000000000000000000001000000000000000000000000
000000000000000000000000000000000000000000000000000000000000000000000000000000000000000010000101000000000000000000000000000000000011110000000000000000000000000
000000000000000000000000000000000000000000000000000000000000000000000000000000000000000001000010100000000000000000000000000000000100000000000000000000000000000
000000000000000000000000000000000000000000000000000000000000000000000000000000000000000000100001010000000000011000000000000000001000000000000000000000000000000
000000000000000000000000000000000000000000000000000000000000000000000000000000000000000000010000101000000000001100000000000000010000000000000000000000000000000
000000000000000000000000000000000000000000000000000000000000000000000000000000000000000000001000010100000000000110000000000000100000000000000000000000000000000
000000000000000000000000000000000000000000000000000000000000000000000000000000000000000000000100001010000000000011000000000001000000000000000000000000000000000
000000000000000000000000000000000000000000000000000000000000000000001000000100000000000000000010000101000000000001101100000010000000000000000000000000000000000
000000000000000000000000000000000000000000000000000000000000000000000100001100000000000000000001000100100000000000110010000100000000000000000000000000000000000
000000000000000000000000000000000000000000000000000000000000000000000010010010000000000000000000100100010000000000010001001000000000000000000000000000000000000
000000000000000000000000000000000000000000000000000000000000000000000001100001000000000000000000010100001000000000001000110000000000000000000000000000000000000
000000000000000000000000000000000000000000000000000000000000000000000000100000100000000000000000001100000100000000000100000000000000000000000000000000000000000
000000000000000000000000000000000000000000000000000000000000000000000000010001000000000000000000000100000010000000000100000000000000000000000000000000000000000
000000000000000000000000000000000000000000000000000000000000000000000000010001000000000000001111110110000001000000000010000000000000000000000000000000000000000
000000000000000000000000000000000000000000000000000000000000000000000000010000100000000000010000001110000001000000000001000000000000000000000000000000000000000
000000000000000000000000000000000000000000000000000000000000000000000000010000010000000000100000000001000001000000000000100000000000000000000000000000000000000
000000000000000000000000000000000000000000000000000000000000000000000000010000001000000001000000000000100010000000000000010000000000110000000000000000000000000
000000000000000000000000000000000000000000000000000000000000000000000000010000001000000010000000000000010100000000000000001000000001001000000000000000000000000
000000000000000000000000000000000000000000000000000000000000000000000000100000001000000100000000000000001000000000000000010000000010000100000000000000000000000
000000000000000000000000000000000000000000000000000000000000000000000000100000001000001000000000000000000000000000000000100000000100000010000000000000000000000
000000000000000000000000000000000000000000000000000000000000000000000000100000001000010000000000000000000000000000000001000000001000000001000000000000000000000
000000000000000000000000000000000000000000000000000000000000000000000000100000010000100000000000000000000000000000000001000000010000000000100000000000000000000
000000000000000000000000000000000000000000000000000000000000000000000000100100100001000000000000000000000000000000000001000000100000000000010000000000000000000
000000000000000000000000000000000000000000000000000000000000000000000000011010010010000000000000000000000000000000000001000001000000000000001000000000000000000
000000000000000000000000000000000000000000000000000000000000000000000000011001010100000000000000000000000000000000000001000010000000011000001000000000000000000
000000000000000000000000000000000000000000000000000000000000000000010000100100101000000000000000000000000000000000000001000100000000001100010000000000000000000
000000000000000000000000000000000000000000000000000000000000000000011001000011110000000000000000000000000000000000000001001000000000000110100000000000000000000
000000000000000000000000000000000000000000000000000000000000000000001110000000000000000000000010000000011100000000000001010000000000000011000000000000000000000
000000000000000000000000000000000000000000000000000000000000000000000100000000000000000000000101000000100100000000000001100000000000000000100000000000000000000
000000000000000000000000000000000000000000000000000000000000000000000010000000000000000000001000101001000100000000000001000000000000000000010000000000000000000
000000000000000000000000000000000000000000000000000000000000000000000001000000000000000000010000011010000100000000000011000000000000000000001000000000000000000
000000000000000000000000000000000000000000000000000000000000000000000000100000000000000000100000110100000100000000000101000000000000000000000100000000000000000
000000000000000000000000000000000000000000000000000000000000000000000000010000000000000001000001101000000100000000001001000000000000000000000100000000000000000
000000000000000000000000000000000000000000000000000000000000000000000000010000000000000010000011010000000100000000001001000000000000000000000100000000000000000
000000000000000000000000000000000000000000000000000000000000000000000000010000000000000100000110100000000100000000000110000000000000000000000100000000000000000
000000000000000000000000000000000000000000000000000000000000000000000000001000000000011000001101000000000100000000000110000000000000000000000100000000000000000
000000000000000000000000000000000000000000000000000000000000000000000000000100000000100000011001000000000100000000000100000000000000000000000100000000000000000
000000000000000000000000000000000000000000000000000000000000000000000000000010000001000000110001000000000100000000001010000000000000000000000100000000000000000
000000000000000000000000000000000000000000000000000000000000000000000000000001000010100000110001000000000100000000010001000000000000000000000100000000000000000
000000000000000000000000000000000000000000000000000000000000000000000000000000100100010001001000100000000010000000100000100000000000000000000100000000000000000
000000000000000000000000000000000000000000000000000000000000000000000000000000011000001110000100010000000001000001000000010000000000000000000100000000000000000
000000000000000000000000000000000000000000000000000000000000000000000000000000011000000100000010001000000000100010000000001000000000000000000100000000000000000
000000000000000000000000000000000000000000000000000000000000000000000000000000100100000010000001000100000000010101000000001000000000000000000010000000000000000
000000000000000000000000000000000000000000000000000000000000000000000000000000100010000000000000100010000000001010000000010000000000000000000001000000000000000
000000000000000000000000000000000000000000000000000000000000000000000000000001000010000000000000010001000000000101000000100000000000000000000000100000000000000
000000000000000000000000000000000000000000000000000000000000000000000000000010000010000000000000001000100000001010100001111100000000000000000000100000000000000
000000000000000000000000000000000000000000000000000000000000000000000000000001000001000000000000000100010011011111111111000010000000000000000000100000000000000
000000000000000000000010000000100000000000000000000000000000000000000000000000100000100000000000000010001100101000100110100001000000000000000000100000000000000
000000000000000000000101000001100000000000000000000000000000000000000000000000010000100000000000000100001100000001011001010000100000000000000001000000000000000
000000000000000000001000100011000000000000000000000000000000000000000000000000001000100000000000001000010010000010011000110000010000000000000010000000000000000
000000000000000000010000010110000000000000000000000000000000000000000000000000010000010000000000010000100100000001100111111000001111111111111100000000000000000
000000000000000000100000001011000000000000000000000000000000000000000000000000010000001000000000100000011000000000000000000100000000000000000000000000000000000
000000000000000001000000000100100000000000000000000000000000000000000000000000100000000100000001000000011000000000000000000010000000000000000000000000000000000
000000000000000010000000001010100000000000000000000000000000000000000000011111000000000010000010000000010100000000000000000001000000000000000000000000000000000
000000000000000100000000000001100000000000000000000000000000000000000001100011000000000001000111100000010100000000000000000000100000000000000000000000000000000
000000000000001000000000000000010000000000000000000000000001000001000010000010100000000000101100010000011000000000000000000000010000000000000000000000000000000
000000001000010000000000000000001000000000000000000000000000111010000100000010010000000000011000001000010100000000000000000000001000000000000000000000000000000
000000000100100000000000000000000100000000000000000000000000010100001000000010001000000000001000000100111010000000000000000000000100000000000000000000000000000
000000000011000000000000000000000010000000000000000000000000001000010000000001000110000000000100000011010001000000000000000000001000000000000000000000000000000
000000000001000000000000000000000001000000000000000000000000010100100000000000100001000000000011111110110000100000000000000000110000000000000000000000000000000
000000000000100000000000000000000000100000000000000000000000010011000000000000010000100000000000000001010000010000000000000001000000000000000000000000000000000
000000000000010000000000000000000000010000000000000000000000010000000000000000001000010000000000000000010000001000000000000010000000000000000000000000000000000
000000000000001000000000000000000000001000000000000000000000100000000000000000000100001000000000000000010000000100000000000100000000000000000000000000000000000
000000000000000100000000000000000000000100000000000000000001000000000000000000000010000100000000000000010000000010000000001000000000000000001000000000000000000
000000000000000010100000000000000000000100000000000000000010000000000000000000000010000010000000000000010000000001000000010000011111111111111000000000000000000
000000000000000001000000000000000000000100000000000000000100000000000000000000000010000001000000000000010000000000100000100000100000000000001000000000000000000
000000000000000010000000000000000000000100000000000000001000000000000000000000000001000010000000000000001000000000010001000001000000000000001000000000000000000
000000000000000001000000000000000000000100000000000000010000000000000000000000000000100001000000000000000100000000001010000010000000000000001000000000000000000
000000000000000010000000000000000000001000000000000000100000000000000000000000000000010000100000000000000010000000000100000100000000000000001000000000000000000
000000000000000100000000000000000000010000000000000001000000000000000000000000000000001000010000000000000001000000001011111000000000000000001000000000000000000
000000000000001000000000000000000000100000000000000010000000000000000000000000000000000100001000000000000000100000011000000000000000000000001000000000000000000
000000000000010000000000000000000000100000000000000010000000000000000000000000000000000100000100000000000000010000100100000000000000000000001000000000000000000
000000001010100000000000000000000000100000000000000100000000000000000000000000000000001000001000000000000000001001000010000000000000000000001000000000000000000
000000010101000000000000000000000000100000000000001000000000000000000000000000000000010000010000000000000000000100000001000000000000000000001000000000000000000
000000010010100000000000000000000000100000000000010000000000000000000000000000000000100000100000000000000000000010000000100000000000000000001000000000000000000
000000010100010000000000000000000000100000000000100000000000000000000000000000000001000001000000000000000000000001000000010000000000000000001000000000000000000
000000011000001000000000000000000000100000000000100000000000000000000000000000000010000001000000000000000000000000100000001000000000000000000100000000000000000
000000010000000100000000000000000000100000000000100000000000000000000000000000000010000001000000000000000000000000010000000100000000000000000010000000000000000
000000100000000100000000000000000001000000000000010000000000000000000000000000000001001111000000000000000000000000001000000010000000000000000001000000000000000
000001000000001000000000000000000010000000000000001000000000000000000000000000000000110101100000000000000000000000000100000001000000000000000000100000000000000
000000000000010000000000000000000100000000000000001000000000000000000000000000000000001011010000000000000000000000000110000010000000000000000000010000000000000
000000000000100000000000000000001000000000000000001000000000000000000000000000000000000110001000000000000000000000001001000100000000000000000000001000000000000
000000000001000000000000000000010000000000000000001000000000000000000000000000000000000010010000000000000000000000010000101000000000000000000000001000000000000
000000000010000000000000000000100000000000000000000100000000000000000000000000000000000011100000000000000000000000100011110000000000000000000000001000000000000
000000000100000000000000000001000000000000000000001000000000000000000000000000000000000011000000000000000000111111100100011000000000000000000000001000000000000
000000000010000000000000000010000000000000000000000100000000000000000000000000000000000010000000000000000001000000011000001000000000000000000000001000000000000
000000000010000000000000000001000000000000000000000010000000000000000000000000000000000110000000000000000110000000011000000100000000000000000000010000000000000
000000000100000000000000000001000000000000000000000100000000000000000000000000000110001010000000000000001000000000100100000010000000000000000000100000000000000
000000001000000000000000000001000000000000000000001000000000000000000000000000001001001010000000000000011100000001000010000001000000000000000001000000000000000
000000010000000000000000000010000000000000000000010000000000000000000000000000010000101010000000000000110010000010000001000000100000000000000010000000000000000
000000001000000000000000000100000000000000000000100000000000000000000000000000100001001010000000000001100001000010000000100000010000000000000100000000000000000
000000000111000000000000001010000000000000000001000000000000000000000000000001000010001100000000000011000000100001000000010000001000000000001000000000000000000
000000000000100011000000010001000000000000000010000000000000001000000000000000100100001000000000000011000000010000100000000000000100000000010000000000000000000
000000000000010100100000100000100000000000000100000000000000010100000000000000011000011000000000000100100000100000010000000000000000000000100000000000000000000
000000000000001111111111100000010001000000001000000000000000100010000000000000001100101000000000000100010001000000001000000000000000000001000000000000000000000
000000000000010000001000100000001010100000010000000000000000010001000000000000001010101000000000000010001010000000000100000000000000000010000000000000000000000
000000000000100000000100010000000100011111100000000000000000001000100000000000001100101000000000000001000100000000000010000000000000000100000000000000000000000
000000000001000000000010001000000010000000000000000000000000000100010000000000001000100100000000000010000000000000000001000000001100001000000000000000000000000
000000000010000000000001000100000001000000000000000000000000000010001000100000010100100010000000000100000000000000000000100000010010010000000000000000000000000
000000000100000000000000100000000001000000000000000000000000011001000101010000100010100001000000001000000000000000000000100000100001100000000100000000000000000
000000000100000000000001000000000000100000000000000000000000100101000011111111100001000000100000010000000000000000000000100001000001100000001010000100000000000
000000000100000000000010000000000000010000000000000000000001000011000101010110010010100000010000100000000000000000000000100010000010010000010001001010000000000
000000000100000000000100000000000000001000000000000000000010000001001000101011001111110000001001000000000000000000000000100100000100001000100000110001000000000
000000000100000000001000000000000000010000000000000000000100000001110000010111100100001000000110000000000000000000000000101000001000000101000000110000100000000
000000000100000000010000000000000000100000000000000000001111111111100001110011100010000100000000000000000000000000000000110000010000000010100001001000010000000
000000001000010000100000000000000001000000000000000000000000000001000010010010010001000010000000000000000000000000000000100000100000000001010010000110001000000
000000000100101111000000000000000010000000000000000000000000000010000100011110001000100000000000000000000000000000000000000011000000000010001100000101000100000
000000000011000000100000000000000100000000000000000000000000000110001000011110000100010000000000000000000000000000000000000100000000000100000000001100101000000
000000000000000000010000000000001000000000000000000000010000001001010000010010000010001111100000000000000000000000000000001000000000001000000000011000010000000
000000000000000000001000000000010000000000000000000000101000000100100000110011000010000000010000100000000111111000000000010000000000010000000000110000000000000
000000000000000000000100000000100000000000000000000001000100000011010001010001100010000000001001010000001000010000000000100000000000100000000001100000000000000
000000000000000000000010000001000000000000000000000010000010000011111110010011010010000000000100101000010000010000000001001111111111111111111111000000000000000
000000000001100000100101000010000000000000000000000100000001000000100100010101100010000000000010010100100000001000000010010000000000100000000010000000000000000
000000000010010001011000100100000000000000000000001000000000100000010010011001010010000000000001001011000000000100100100100000000000100000000100000000000000000
000000000100001010011000011000000111110000000000010000000000010000001001010010001010000000000000100101100000000010111001000000000000100000000100000000000000000
000000001000000100100100010100001000001000000000100000000000001000000100100100000110000000000000010100110000000001011010000000000000100000000010000000000000000
000000000100001011000010100010010000000100000000100000000000000100000010011000000011000000000000001111111111000000101100000000000000100000000001000000000000000
000000000010010000000001000001100000000010000000010000000000000010000001010000000000000000000000000100001100100000010000000000000000100000000000100000000000000
000000000001100000000000100000000000000001111111111000000000000001000000100000000000000000000000000010000110010000100000000000000000010000000001000000000000000
000000000001100000000000010000000000000000000000001100000000000000100000000000000000000000000000000001000011001001000000000000000000001000000010000000000000000
000000000010010000000000001000000000000000000000000110000000000000010000000000000000000000000000000000100011100110000000000000000000000100000100000000000000000
000000000010001000000000010000000000000000000000000110000000000000001000000000000000000000000000000000010001110000000000000000000000000010001000000000000000000
000000000001000100000000100000000000000000000000001001000000000000000100000000000000000000000000000000001000111000000000000000000000000001110000000000000000000
000000000000101000000001000000000000000000000000000100100000000000000010000000000000000000000000000000000110011100000000000000000000000000000000000000000000000
000000000000010000000010000000000000000000000000000010010000000100000010000000000000000000000000000000000001001110000000001000000000000000000000000000000000000
000000000000001000000000000000000000000000000000000100001000001010000100000000000000000000000000000000000000100101000000001100000000000000000000000000000000000
000000000000000100000000000000000000000000000000001000000100010001001000000000000000000000000000000000000000011111111000001010000000000000000000000000000000000
000000000000000000000000000000000000000000000000001000000010100000110000000000000000000000000000000000000000000000000100001001000000000000000000000000000000000
000000000000000000000000000000000000000000000000010000000001000001010000000000000000000000000000000000000000000000000010001000100000000000000000000000000000000
000000000000000000000000000000000000000000000000100000000010100010001000000000000000000000000000000000000000000000000001101010010000000000000000000000000000000
000000000000000000000000000000000000000000000001000000000100010100000100000000000000000000000000000000000000000000000000111110001000000000000000000000000000000
000000000000000000000000000000000001100000000010000000001000001000001000000000000000000000000000000000000000000000000000011010001100000000000000000000000000000
000000000000000000000000000000000011000000000101111110010000011000010000000000000000000000000000000000000000000000000000001001011010000000000000000000000000000
000000000000000000000000000000000110000000000110000001100000110000100000000000000000000000000000000000000000000000000000000100110001000000000000000000000000000
000000000000000000000000000000001010000000000110000001100001100001000000000000000000000000000000000000000000000000000000000011011000100000000000000000000000000
000000000000000000000000000000010010000000001001000010010011000001000000000000000000000000000000000000000000000000000000000010001100010000000000000000000000000
000000000000000000000000000000100010000000010000100010111110000001000000000000000000000000000000000000000000000000000000000100000110001000011111111111000000000
000000000000000000000000000000010001000000001000010001101100000010000000000000000000000000000000000000000000000000000000001000000011000111100000000000100000000
000000000000000000000000000000001001000000000100001011111100000100000000000000000000000000000000000000000000000000000000010000000001100000000000000000010000000
000000000000000000000000000000000101000000000010000110111000001000000000000000000000000000000000000000000000000000000000100000000000010000000000000000001000000
000000000000000000000000000000000011000000000001001001100000010000000000000000000000000000000000000000000000000000000001010000000000001000000000000000000100000
000000000000000000000000000000000001000000000000110011000000100000000000000000000000000000000000000000000000000000000010001000000000000000000000000000000010000
000000000000000000000000000000000000100000000000111100000001000000000000000000000000000000000000000000000000000000000100000100000000100000000000000000000010000
000000000000000000000000000000000000010110000001001000000010000000000000000000000000000000000000000000000000000000001000000010000001010000000000000000000100000
000000000000000000000000000000000000001001000010010000000100000000000000000000000000000000000000000000000000000000010000000001000001001000000000000000001000000
000000000000000000000000000000000000010100100100100000001000000000000000000000000000000000000000000000000000000000100000000010000001000100000000000000010000000
000000000000000000000000000000000000100010101001000000010000000000000000000000000000000000000000000000000000000000010000000100000001000010000000000000100000000
000000000000000000000000000000100001000001000110000000100000000000000000000000000000000000000000000000000000000000001000001000000001000001000000000001000000000
000000000000000000000000000000010010000011111111000000100000000000000000000000000000000000000000000000000000000000000100010000000010000000100000000010000000000
000000000000000000000000000000001100000010111001100001000000000000000000000000000000000000000000000000000000000000000100100000000100000000011111111100000000000
000000000000000000000000000000000111111111111000110010000000000000000001100000000000000000000000000000000000000000001000100000001000000000000000000000000000000
000000000000000000000000000000000000001110100100011100000000000000000001010000000000000000000000000000000000000000010000100000010000000000000000000000000000000
000000000000000000000000000000000000010000100000001100000000000000000000101000000000000000000000000000000000000000100000100000100000000000000000000000000000000
000000000000000000000000000000000000101101000000010110000000000000000000010100000000000000000000000000000000000001000000010001000000000000000000000000000000000
000000000000000000000000000000000001010010000000100011000000000000000000010010000000000000000000000000000000000010000000001010000000000000000000000000000000000
000000000000000000000000000000000010100101000001000001100000000000000000100001000000000000000000000000000000000100000000000100000000000000000000000000000000000
000000000000000000000000000000000101001000100010000000110000000000000001000000100000000000000000000000000010001000000000000000000000000000000000000000000000000
000000000000000000000000000100001010010000010001000000011000000000000010000000010000000000000000000001111101010000000000000000000000000000000000000000000000000
000000000000000000000000000010010100100000001110100000000000000000000100000000001000000000000000000010000000100000000000000000000000000000000000000000000000000
000000000000000000000000000001001001000000000001010000000000000000001000000000000100000000000000000100000000000000000000000000000000000000000000000000000000000
000000000000000000000000000001110110000000000000110000000000000000010000000000000010000000000000001000000000000000000000000000000000000000000000000000000000000
000000000000000000000000000001000000000000000100010000000000000000100000000000000001000000000000010000000000000000000000000000000000000000000000000000000000000
000000000000000000000000000000100000000000001010000000000000000001000000000000000000100000000000100000000000000000000000000000000000000000000000000000000000000
000000000000000000000000000000010000000000010001011111111100000010000000000000000000010000000001000000000000000000000000000000000000000000000000000000000000000
000000000000000000000000000000001000000000100000100000000010000100000000000000000000001000000010000000000000000000000000000000000000000000000000000000000000000
000000000000000000000000000000001000000001000001010000000001001000000000000000000000000100000100000000000000000000000000000000000000000000000000000000000000000
000000000000000000000000000000001000000010000010100000000000110000000000000000000000000010001000000000000000000000000000000000000000000000000000000000000000000
000000000000000000000000000000000100000100000011000000000011110000000000000000000000000001010000000000000000000000000000000000000000000000000000000000000000000
000000000000000000000000000000000010001000000011000000000100001000000000000000000000000000100000000000000000000000000000000000000000000000000000000000000000000
000000000000000000000000000000000001010000000100100000001000000100000000000000000000000000000000000000000000000000000000000000000000000000000000000000000000000
000000000000000000000000000000000000100000001000010000010000000010000000000000000000000000000000000000000000000000000000000000000000000000000000000000000000000
000000000000000000000000000000000000000000001000001000100000000001000000000000000000000000000000000000000000000000000000000000000000000000000000000000000000000
000000000000000000000000000000000000000000000100000101000000000000100000000000000000000000000000000000000000000000000000000000000000000000000000000000000000000
000000000000000000000000000000000000000000000010000010000000000000010000000000000000000000000000000000000000000000000000000000000000000000000000000000000000000
000000000000000000000000000000000000000000000100000000000000000001001000000000000000000000000000000000000000000000000000000000000000000000000000000000000000000
000000000000000000000000000000000000000000000100000000000000000010111100000000000000000000000000000000000000000000000000000000000000000000000000000000000000000
000000000000000000000000000000000000000000000100000000000000000010000000000000000000000000000000000000000000000000000000000000000000000000000000000000000000000
000000000000000000000000000000000000000000000100000000000000000010000000000000000000000000000000000000000000000000000000000000000000000000000000000000000000000
000000000000000000000000000000000000000000000100000000000000000010000000000000000000000000000000000000000000000000000000000000000000000000000000000000000000000
000000000000000000000000000000000000000000000100000000000000000100000000000000000000000000000000000000000000000000000000000000000000000000000000000000000000000
000000000000000000000000000000000000000000000100000000000000000010000000000000000000000000000000000000000000000000000000000000000000000000000000000000000000000
000000000000000000000000000000000000000000000100000000000000000001000000000000000000000000000000000000000000000000000000000000000000000000000000000000000000000
000000000000000000000000000000000000000000000100000000000000000001000000000000000000000000000000000000000000000000000000000000000000000000000000000000000000000
000000000000000000000000000000000000000000000100000000000000000001000000000000000000000000000000000000000000000000000000000000000000000000000000000000000000000
000000000000000000000000000000000000000000001000000000000000000010000000000000000000000000000000000000000000000000000000000000000000000000000000000000000000000
000000000000000000000000000000000000000100010000000000000000000100000000000000000000000000000000000000000000000000000000000000000000000000000000000000000000000
000000000000000000000000000000000000001010100000000000000000001000000000000000000000000000000000000000000000000000000000000000000000000000000000000000000000000
000000000000000000000000000001000000010001000000000000000000010000000000000000000000000000000000000000000000000000000000000000000000000000000000000000000000000
000000000000000000000000000000100000010000000000000000000000100000000000000000000000000000000000000000000000000000000000000000000000000000000000000000000000000
000000000000000000000000000000010001010000000000000000000001000000000000000000000000000000000000000000000000000000000000000000000000000000000000000000000000000
000000000000000000000000000000001010101000000000000000000010000000000000000000000000000000000000000000000000000000000000000000000000000000000000000000000000000
000000000000000000000000000000000100010001000000000000000100000000000000000000000000000000000000000000000000000000000000000000000000000000000000000000000000000
000000000000000000000000000000000010000010111110000000001000000000000000000000000000000000000000000000000000000000000000000000000000000000000000000000000000000
000000000000000000000000000000000001000100000001000000010000000000000000000000000000000000000000000000000000000000000000000000000000000000000000000000000000000
000000000000000000000000000000000000101000000000100000100000000000000000000000000000000000000000000000000000000000000000000000000000000000000000000000000000000
000000000000000000000000000000000000010000000000010000010000000000000000000000000000000000000000000000000000000000000000000000000000000000000000000000000000000
000000000000000000000000000000000000000000000000001000001000000000000000000000000000000000000000000000000000000000000000000000000000000000000000000000000000000
000000000000000000000000000000000000000000000000001000000100000000000000000000000000000000000000000000000000000000000000000000000000000000000000000000000000000
000000000000000000000000000000000000000000000000001000000010000000000000000000000000000000000000000000000000000000000000000000000000000000000000000000000000000
000000000000000000000000000000000000000000000000001000000100000000000000000000000000000000000000000000000000000000000000000000000000000000000000000000000000000
000000000000000000000000000000000000000000000000001000000010000000000000000000000000000000000000000000000000000000000000000000000000000000000000000000000000000
000000000000000000000000000000000000000000000000001000000001000000000000000000000000000000000000000000000000000000000000000000000000000000000000000000000000000
000000000000000000000000000000000000000000000000001000000000100000000000000000000000000000000000000000000000000000000000000000000000000000000000000000000000000
000000000000000000000000000000000000000000000000001000000000010000000000000000000000000000000000000000000000000000000000000000000000000000000000000000000000000
000000000000000000000000000000000000000000000000001000000000001000000000000000000000000000000000000000000000000000000000000000000000000000000000000000000000000
000000000000000000000000000000000000000000000000000100000000000100000000000000000000000000000000000000000000000000000000000000000000000000000000000000000000000
000000000000000000000000000000000000000000000000000100000000001000000000000000000000000000000000000000000000000000000000000000000000000000000000000000000000000
000000000000000000000000000000000000000000000000000100000000010000000000000000000000000000000000000000000000000000000000000000000000000000000000000000000000000
000000000000000000000000000000000000000000000000000100000000100000000000000000000000000000000000000000000000000000000000000000000000000000000000000000000000000
000000000000000000000000000000000000000000000000000100000001000000000000000000000000000000000000000000000000000000000000000000000000000000000000000000000000000
000000000000000000000000000000000000000000000000000100000010000000000000000000000000000000000000000000000000000000000000000000000000000000000000000000000000000
000000000000000000000000000000000000000000000000000100000100000000000000000000000000000000000000000000000000000000000000000000000000000000000000000000000000000
000000000000000000000000000000000000000000000000000100000100000000000000000000000000000000000000000000000000000000000000000000000000000000000000000000000000000
000000000000000000000000000000000000000000000000000010001000000000000000000000000000000000000000000000000000000000000000000000000000000000000000000000000000000
000000000000000000000000000000000000000000000000000001010000000000000000000000000000000000000000000000000000000000000000000000000000000000000000000000000000000
000000000000000000000000000000000000000000000000000000100000000000000000000000000000000000000000000000000000000000000000000000000000000000000000000000000000000
000000000000000000000000000000000000000000000000000000000000000000000000000000000000000000000000000000000000000000000000000000000000000000000000000000000000000
000000000000000000000000000000000000000000000000000000000000000000000000000000000000000000000000000000000000000000000000000000000000000000000000000000000000000
000000000000000000000000000000000000000000000000000000000000000000000000000000000000000000000000000000000000000000000000000000000000000000000000000000000000000
000000000000000000000000000000000000000000000000000000000000000000000000000000000000000000000000000000000000000000000000000000000000000000000000000000000000000
000000000000000000000000000000000000000000000000000000000000000000000000000000000000000000000000000000000000000000000000000000000000000000000000000000000000000
000000000000000000000000000000000000000000000000000000000000000000000000000000000000000000000000000000000000000000000000000000000000000000000000000000000000000
